[gd_scene load_steps=19 format=3 uid="uid://1rub37identf"]

[ext_resource type="PackedScene" uid="uid://cvvyqtf4ncg8d" path="res://chara/chara.tscn" id="1_4gcbb"]
[ext_resource type="Script" path="res://chara/code_patterns/behavior_tree/behavior_tree.gd" id="2_rr0cv"]
[ext_resource type="Script" path="res://chara/code_patterns/behavior_tree/compositors/sequence_reactive.gd" id="3_0sv1t"]
[ext_resource type="Script" path="res://chara/chara_behaviors/is_alive.gd" id="4_hitwv"]
[ext_resource type="Script" path="res://chara/code_patterns/behavior_tree/compositors/fallback_reactive.gd" id="5_sjpye"]
[ext_resource type="Script" path="res://chara/code_patterns/behavior_tree/compositors/sequence.gd" id="5_vyedw"]
[ext_resource type="Script" path="res://chara/chara_behaviors/find_enemy.gd" id="7_exppn"]
[ext_resource type="Script" path="res://chara/chara_behaviors/perform_action.gd" id="8_32yvd"]
[ext_resource type="Script" path="res://chara/code_patterns/behavior_tree/decorators/once.gd" id="8_p5tve"]
[ext_resource type="Script" path="res://chara/code_patterns/behavior_tree/compositors/fallback.gd" id="10_cady1"]
[ext_resource type="Script" path="res://chara/chara_behaviors/move_to.gd" id="10_roexy"]
[ext_resource type="Script" path="res://chara/code_patterns/behavior_tree/decorators/always_success.gd" id="11_4p36k"]
[ext_resource type="Script" path="res://chara/code_patterns/behavior_tree/decorators/repeat.gd" id="11_ki278"]
[ext_resource type="Script" path="res://chara/code_patterns/behavior_tree/leafs/wait.gd" id="12_pu84d"]
[ext_resource type="Script" path="res://chara/code_patterns/behavior_tree/leafs/blackboard_operations/has_value.gd" id="14_8vqqa"]
[ext_resource type="Script" path="res://chara/chara_behaviors/patrol.gd" id="14_gkqac"]
[ext_resource type="Script" path="res://chara/code_patterns/behavior_tree/leafs/blackboard_operations/erase_value.gd" id="15_lqmxw"]

[sub_resource type="ViewportTexture" id="ViewportTexture_pdgnu"]
viewport_path = NodePath("HealthBar3D/SubViewport")

[node name="Enemy" instance=ExtResource("1_4gcbb")]
speed = 4.0
max_poise = 10
current_poise = 10.0
faction = "enemy"

[node name="BehaviorTree" type="Node" parent="." index="1"]
script = ExtResource("2_rr0cv")
restart = true

[node name="main loop" type="Node" parent="BehaviorTree" index="0"]
script = ExtResource("3_0sv1t")

[node name="is_alive" type="Node" parent="BehaviorTree/main loop" index="0"]
script = ExtResource("4_hitwv")

[node name="is enemy presence" type="Node" parent="BehaviorTree/main loop" index="1"]
script = ExtResource("5_sjpye")

[node name="deal with enemy" type="Node" parent="BehaviorTree/main loop/is enemy presence" index="0"]
script = ExtResource("3_0sv1t")

[node name="find enemy" type="Node" parent="BehaviorTree/main loop/is enemy presence/deal with enemy" index="0"]
script = ExtResource("7_exppn")

[node name="response to enemy" type="Node" parent="BehaviorTree/main loop/is enemy presence/deal with enemy" index="1"]
script = ExtResource("5_vyedw")

[node name="once" type="Node" parent="BehaviorTree/main loop/is enemy presence/deal with enemy/response to enemy" index="0"]
script = ExtResource("8_p5tve")

[node name="Yell" type="Node" parent="BehaviorTree/main loop/is enemy presence/deal with enemy/response to enemy/once" index="0"]
script = ExtResource("8_32yvd")
action_state_name = "Yell"

[node name="apporach enemy" type="Node" parent="BehaviorTree/main loop/is enemy presence/deal with enemy/response to enemy" index="1"]
script = ExtResource("10_roexy")
min_distance = 3.0
speed_multiplier = 1.0

[node name="Repeat" type="Node" parent="BehaviorTree/main loop/is enemy presence/deal with enemy/response to enemy" index="2"]
script = ExtResource("11_ki278")
forever = true

[node name="FallbackReactive" type="Node" parent="BehaviorTree/main loop/is enemy presence/deal with enemy/response to enemy/Repeat" index="0"]
script = ExtResource("10_cady1")

[node name="Sequence" type="Node" parent="BehaviorTree/main loop/is enemy presence/deal with enemy/response to enemy/Repeat/FallbackReactive" index="0"]
script = ExtResource("5_vyedw")

[node name="Attack1" type="Node" parent="BehaviorTree/main loop/is enemy presence/deal with enemy/response to enemy/Repeat/FallbackReactive/Sequence" index="0"]
script = ExtResource("8_32yvd")
action_state_name = "AttackSliceDiagonal"
need_towards_target = true

[node name="BehaviorWait" type="Node" parent="BehaviorTree/main loop/is enemy presence/deal with enemy/response to enemy/Repeat/FallbackReactive/Sequence" index="1"]
script = ExtResource("12_pu84d")
wait_time = 0.1

[node name="Attack2" type="Node" parent="BehaviorTree/main loop/is enemy presence/deal with enemy/response to enemy/Repeat/FallbackReactive/Sequence" index="2"]
script = ExtResource("8_32yvd")
action_state_name = "AttackStab"
need_towards_target = true

[node name="BehaviorWait2" type="Node" parent="BehaviorTree/main loop/is enemy presence/deal with enemy/response to enemy/Repeat/FallbackReactive/Sequence" index="3"]
script = ExtResource("12_pu84d")
wait_time = 0.1

[node name="Attack3" type="Node" parent="BehaviorTree/main loop/is enemy presence/deal with enemy/response to enemy/Repeat/FallbackReactive/Sequence" index="4"]
script = ExtResource("8_32yvd")
action_state_name = "AttackChop"
need_towards_target = true

[node name="BehaviorWait3" type="Node" parent="BehaviorTree/main loop/is enemy presence/deal with enemy/response to enemy/Repeat/FallbackReactive/Sequence" index="5"]
script = ExtResource("12_pu84d")
wait_time = 0.1

[node name="go to enemy" type="Node" parent="BehaviorTree/main loop/is enemy presence/deal with enemy/response to enemy/Repeat/FallbackReactive" index="1"]
script = ExtResource("10_roexy")
min_distance = 1.0

[node name="Fallback" type="Node" parent="BehaviorTree/main loop/is enemy presence" index="1"]
script = ExtResource("10_cady1")

[node name="goto last enemy position" type="Node" parent="BehaviorTree/main loop/is enemy presence/Fallback" index="0"]
script = ExtResource("5_vyedw")

[node name="HasValue" type="Node" parent="BehaviorTree/main loop/is enemy presence/Fallback/goto last enemy position" index="0"]
script = ExtResource("14_8vqqa")
key = "last_seen_position"

[node name="MoveTo" type="Node" parent="BehaviorTree/main loop/is enemy presence/Fallback/goto last enemy position" index="1"]
script = ExtResource("10_roexy")
position_or_node_key = "last_seen_position"

[node name="EraseValue" type="Node" parent="BehaviorTree/main loop/is enemy presence/Fallback/goto last enemy position" index="2"]
script = ExtResource("15_lqmxw")
key = "last_seen_position"

[node name="patrol" type="Node" parent="BehaviorTree/main loop/is enemy presence/Fallback" index="1"]
script = ExtResource("11_ki278")
forever = true

[node name="patrol" type="Node" parent="BehaviorTree/main loop/is enemy presence/Fallback/patrol" index="0"]
script = ExtResource("14_gkqac")

[node name="Idle" type="Node" parent="BehaviorTree/main loop/is enemy presence/Fallback" index="2"]
script = ExtResource("11_ki278")
num_cycles = 1
forever = true

[node name="AlwaysSuccess" type="Node" parent="BehaviorTree/main loop/is enemy presence/Fallback/Idle" index="0"]
script = ExtResource("11_4p36k")

[node name="Idle" type="Node" parent="BehaviorTree/main loop/is enemy presence/Fallback/Idle/AlwaysSuccess" index="0"]
script = ExtResource("8_32yvd")
action_state_name = "Idle"

[node name="Perception" parent="." index="2"]
hear_distance = 3.0

[node name="Yell" parent="CharaStateMachine" index="1"]
anim_time = 1.0

[node name="1H_Sword_Offhand" parent="Knight/Rig/Skeleton3D" index="0"]
transform = Transform3D(-0.425483, 0.533775, 0.730785, 0.83191, -0.0871572, 0.548023, 0.356214, 0.841122, -0.406968, 0.630348, 0.719077, -0.0483828)

[node name="Badge_Shield" parent="Knight/Rig/Skeleton3D" index="1"]
transform = Transform3D(-0.425482, 0.533776, 0.730785, 0.831909, -0.0871595, 0.548024, 0.356217, 0.841121, -0.406968, 0.744267, 0.804506, -0.111823)

[node name="Rectangle_Shield" parent="Knight/Rig/Skeleton3D" index="2"]
transform = Transform3D(-0.425482, 0.533776, 0.730785, 0.831909, -0.0871595, 0.548024, 0.356217, 0.841121, -0.406968, 0.744267, 0.804506, -0.111823)

[node name="Round_Shield" parent="Knight/Rig/Skeleton3D" index="3"]
transform = Transform3D(-0.425482, 0.533776, 0.730785, 0.831909, -0.0871595, 0.548024, 0.356217, 0.841121, -0.406968, 0.744267, 0.804506, -0.111823)

[node name="Spike_Shield" parent="Knight/Rig/Skeleton3D" index="4"]
transform = Transform3D(-0.425482, 0.533776, 0.730785, 0.831909, -0.0871595, 0.548024, 0.356217, 0.841121, -0.406968, 0.744267, 0.804506, -0.111823)

[node name="1H_Sword" parent="Knight/Rig/Skeleton3D" index="5"]
transform = Transform3D(0.323037, 0.023211, 0.946101, 0.946161, 0.0138471, -0.323399, -0.0206072, 0.999634, -0.0174882, -0.428827, 0.783836, 0.745224)

[node name="CollisionShape3D" parent="Knight/Rig/Skeleton3D/1H_Sword/1H_Sword/HitBox" index="0"]
transform = Transform3D(1, 0, 1.1176e-08, -7.45058e-09, 1, 5.96046e-08, -1.49012e-08, 4.47035e-08, 1, 0, 0.791278, 5.96046e-08)

[node name="2H_Sword" parent="Knight/Rig/Skeleton3D" index="6"]
transform = Transform3D(0.323037, 0.023211, 0.946101, 0.946161, 0.0138471, -0.323399, -0.0206072, 0.999634, -0.0174882, -0.428827, 0.783836, 0.745224)

[node name="Knight_Helmet" parent="Knight/Rig/Skeleton3D" index="7"]
transform = Transform3D(0.995488, -0.0807319, -0.0498675, 0.0708114, 0.981848, -0.175957, 0.0631676, 0.171631, 0.983134, 0.00301199, 1.17481, 0.341482)

[node name="Knight_Cape" parent="Knight/Rig/Skeleton3D" index="8"]
transform = Transform3D(0.956635, -0.000101326, 0.29129, 0.0777178, 0.963839, -0.2549, -0.280731, 0.266485, 0.92205, 0.000952623, 1.17527, 0.33906)

[node name="Knight_Body" parent="Knight/Rig/Skeleton3D" index="11"]
transform = Transform3D(1, 0, 1.42109e-14, 0, 1, 0, -1.42109e-14, 0, 1, 0, 0, 0)

[node name="HealthBar3D" parent="." index="7"]
texture = SubResource("ViewportTexture_pdgnu")
